allConwayPolynomials := [
[2,1,[1,1]],
[2,2,[1,1,1]],
[2,3,[1,1,0,1]],
[2,4,[1,1,0,0,1]],
[2,5,[1,0,1,0,0,1]],
[2,6,[1,1,0,1,1,0,1]],
[2,7,[1,1,0,0,0,0,0,1]],
[2,8,[1,0,1,1,1,0,0,0,1]],
[2,9,[1,0,0,0,1,0,0,0,0,1]],
[2,10,[1,1,1,1,0,1,1,0,0,0,1]],
[3,1,[1,1]],
[3,2,[2,2,1]],
[3,3,[1,2,0,1]],
[3,4,[2,0,0,2,1]],
[3,5,[1,2,0,0,0,1]],
[3,6,[2,2,1,0,2,0,1]],
[3,7,[1,0,2,0,0,0,0,1]],
[3,8,[2,2,2,0,1,2,0,0,1]],
[3,9,[1,1,2,2,0,0,0,0,0,1]],
[3,10,[2,1,0,0,2,2,2,0,0,0,1]],
[5,1,[3,1]],
[5,2,[2,4,1]],
[5,3,[3,3,0,1]],
[5,4,[2,4,4,0,1]],
[5,5,[3,4,0,0,0,1]],
[5,6,[2,0,1,4,1,0,1]],
[5,7,[3,3,0,0,0,0,0,1]],
[5,8,[2,4,3,0,1,0,0,0,1]],
[5,9,[3,1,0,2,0,0,0,0,0,1]],
[5,10,[2,1,4,2,3,3,0,0,0,0,1]],
[7,1,[4,1]],
[7,2,[3,6,1]],
[7,3,[4,0,6,1]],
[7,4,[3,4,5,0,1]],
[7,5,[4,1,0,0,0,1]],
[7,6,[3,6,4,5,1,0,1]],
[7,7,[4,6,0,0,0,0,0,1]],
[7,8,[3,2,6,4,0,0,0,0,1]],
[7,9,[4,6,0,1,6,0,0,0,0,1]],
[7,10,[3,3,2,1,4,1,1,0,0,0,1]],
[11,1,[9,1]],
[11,2,[2,7,1]],
[11,3,[9,2,0,1]],
[11,4,[2,10,8,0,1]],
[11,5,[9,0,10,0,0,1]],
[11,6,[2,7,6,4,3,0,1]],
[11,7,[9,4,0,0,0,0,0,1]],
[11,8,[2,7,1,7,7,0,0,0,1]],
[11,9,[9,8,9,0,0,0,0,0,0,1]],
[11,10,[2,6,6,10,8,7,0,0,0,0,1]],
0];
